250
398
-21
79
305
-58
335
125
239
217
27
473
324
312
154
444
249
72
261
175
477
481
397
188
294
327
365
136
409
-97
274
-53
20
494
468
415
-5
474
80
325
496
100
347
22
333
235
-4
56
-81
22
83
-38
187
240
7
111
243
50
176
405
-84
-10
237
264
140
-66
197
193
104
447
149
28
-66
24
-67
85
-6
330
462
51
427
303
184
1
40
-45
342
132
84
121
387
298
88
115
491
240
-46
260
79
270
324
-27
295
489
293
163
33
157
488
280
241
279
291
445
389
487
267
-35
377
254
144
212
316
43
253
-31
330
453
107
359
109
279
331
8
73
472
499
-62
383
119
199
247
478
105
334
-4
284
84
343
277
235
235
414
-16
299
229
174
118
-87
165
258
468
339
-94
414
-31
261
301
-75
-22
402
111
110
487
190
98
210
132
187
141
167
-17
424
-21
297
479
393
-59
188
475
320
237
498
350
70
405
68
498
2
62
297
299
327
-43
34
105
297
313
251
28
261
-100
327
-77
314
306
415
445
23
-73
353
94
324
385
-1
73
299
27
-58
183
426
392
142
297
333
110
457
334
-16
31
162
5
-36
-16
282
-90
121
301
308
-9
334
266
354
419
478
87
100
217
250
283
481
117
429
121
160
380
333
74
59
54
366
84
309
47
409
367
148
240
45
365
336
456
98
161
376
-49
308
215
141
146
455
396
3
434
454
451
285
-47
491
-52
258
492
-73
164
482
341
400
399
-61
185
130
377
-97
457
336
440
-93
119
365
419
303
-24
218
-71
152
234
220
-46
466
62
251
233
71
451
156
316
183
296
13
359
226
79
436
-68
327
247
-28
418
232
-73
454
-3
-54
43
-82
256
229
33
388
493
466
159
337
473
58
375
296
101
190
-81
263
55
164
444
-94
-37
114
-57
267
459
218
223
339
376
-69
-32
109
421
76
269
5
8
170
9
42
265
199
-98
-76
376
153
380
-96
479
103
-37
-45
260
287
295
37
345
312
0
393
-99
-19
82
252
350
294
463
284
432
289
282
425
152
10
80
19
65
2
232
125
-61
217
159
-6
356
123
449
26
448
148
50
302
282
492
289
378
8
213
-46
306
64
242
-87
297
222
129
381
210
205
448
231
162
193
311
129
125
160
102
91
412
86
138
385
0
-93
435
-15
475
-37
-32
157
-68
375
441
456
173
-48
30
447
-92
45
422
313
122
271
370
186
333
252
420
256
474
142
158
449
31
463
397
477
266
62
496
186
195
361
-5
225
111
68
459
449
25
184
142
198
377
469
36
422
215
477
342
466
448
214
144
167
59
279
249
40
117
486
232
72
491
47
15
369
258
165
68
0
272
328
249
415
93
497
-80
70
246
481
81
26
327
265
401
-91
-52
-95
464
340
22
431
-21
103
150
279
382
401
295
325
-12
219
77
416
349
62
144
146
425
483
-14
209
151
-89
-8
234
307
187
269
248
136
15
465
226
167
21
305
377
-71
278
116
265
156
433
43
167
99
286
251
224
315
434
24
439
226
-19
99
154
263
223
-48
414
-35
-27
323
145
-82
324
300
168
38
102
273
-71
-56
-87
-47
70
82
-2
-55
118
-44
495
430
313
305
149
282
366
254
363
259
427
266
357
60
383
65
390
114
387
-13
-55
355
355
16
111
448
34
65
405
471
355
331
443
184
5
233
391
479
-39
176
-75
33
388
-3
202
-18
333
-67
19
370
-7
7
-86
21
44
386
-77
-43
493
371
423
387
258
81
411
71
31
-75
413
404
225
197
76
185
307
145
160
279
342
364
-7
437
110
100
158
115
68
407
400
433
258
113
17
-80
114
460
412
24
259
277
62
-49
343
-15
418
109
226
81
320
388
144
419
320
478
368
459
138
48
348
290
-73
375
41
21
71
336
221
422
199
282
191
162
443
158
97
-42
460
-27
34
65
59
469
233
307
-20
222
477
374
434
142
393
383
39
133
197
215
426
313
-100
-87
392
464
55
-6
428
195
35
300
-68
176
229
128
378
247
230
-95
208
159
-67
451
-20
321
460
329
19
51
251
325
491
-89
285
215
347
464
440
309
16
57
350
414
391
411
260
4
352
35
-8
457
-95
27
408
424
109
28
253
286
24
182
53
104
322
253
322
-82
240
236
123
94
56
-81
389
297
-24
335
240
410
332
442
412
61
108
133
58
416
418
103
80
451
14
440
171
1
7
306
328
266
384
394
344
127
209
24
-64
259
180
269
48
474
493
59
303
96
495
358
149
255
196
-40
488
-79
199
266
-16
81
321
315
374
212
145
187
191
83
485
486
142
420
-89
446
-10
65
427
20
31
245
-8
133
111
458
477
455
346
-34
266
62
430
230
90
477
297
136
190
396
264
451
-17
257
86
419
441
94
222
466
65
330
326
480
462
44
291
