695
-860
-788
783
-808
-856
-787
-297
-588
-703
520
413
#
-159
-572
332
650
-876
-862
-57
-957
-364
-335
-413
-222
-656
#
417
759
-489
651
602
-934
933
291
321
220
-285
625
-404
-734
-746
527
299
-279
-58
903
79
615
631
39
61
71
471
-625
241
709
#
-367
-919
33
-925
984
-974
-486
#
-471
768
-166
800
-604
-114
727
422
-764
717
750
-307
320
340
895
-929
-453
48
26
254
304
-820
626
-398
124
69
566
-840
451
407
-204
-660
347
-865
15
-748
45
37
646
619
-221
452
-747
-363
-895
-855
595
-247
-849
-268
-995
632
-553
#
54
-817
503
-661
-341
760
156
663
-59
844
907
-658
187
745
-709
-882
-382
-142
481
481
-287
-64
-277
341
402
376
-964
14
997
924
#
-704
-584
161
944
-859
543
-527
166
360
-551
834
488
308
31
194
-178
-647
603
891
-149
725
-786
305
191
-77
843
516
439
-532
346
-729
-910
-825
-176
332
-810
-258
-360
-529
-892
435
894
534
-401
-446
-485
-669
521
-298
893
645
-817
341
312
-68
-827
-911
-274
-851
53
-133
683
782
29
940
-166
-633
553
752
-398
-966
-578
202
-862
575
-610
-883
-317
307
704
-154
390
-167
605
903
-389
403
-674
-788
-697
961
707
-266
837
-246
-330
800
547
-314
882
-553
-350
-871
523
-105
-484
401
-288
440
-948
-472
-390
603
-203
-715
817
#
670
-383
702
258
969
875
825
-850
-817
-760
198
-938
739
17
58
-898
367
757
-209
472
#
301
529
717
-881
-510
55
601
-165
331
14
-924
414
853
318
-958
-748
478
657
694
-322
803
-905
-433
70
73
445
206
551
527
#
862
-296
-606
-84
-121
-111
-502
-729
72
-812
-780
585
573
481
329
741
-706
-584
-656
275
607
33
834
#
866
-989
-116
-645
93
335
-675
867
-712
-189
589
-480
-384
299
#
887
455
-564
82
-753
641
413
827
-650
209
806
-773
840
-876
-472
-633
974
-107
-780
910
309
-555
-72
617
550
-671
-151
171
#
-738
-771
-218
-766
862
264
-882
882
540
773
571
682
-151
61
-338
267
335
-456
821
65
-386
464
-366
-906
-320
321
-536
-199
495
-645
237
-384
-663
-536
-310
546
-706
-751
-87
-686
-391
1000
-529
-635
473
799
409
301
-514
-421
-270
585
726
637
-815
-716
731
96
-701
-680
302
739
279
-460
-505
-258
-134
-763
-693
-762
-815
-593
-972
109
877
667
277
-742
-146
595
-305
-693
-569
-469
-151
-359
-142
-533
-187
790
-475
-345
659
-521
687
-314
-783
-924
-86
960
-72
784
-405
-669
-718
-253
-489
698
361
245
397
213
-99
513
581
-70
-247
-620
455
514
643
-757
-714
-528
-440
#
69
936
902
-966
-852
544
621
-948
874
948
804
126
#
651
738
416
-713
454
-941
-950
621
296
-565
-933
-201
142
895
623
-364
136
785
647
702
306
#
492
423
-244
23
187
501
#
889
445
499
242
691
-449
546
530
-356
569
-146
629
545
231
319
#
836
393
-997
382
688
909
#
-638
-316
359
-905
#
666
894
-631
-428
739
331
-112
104
-499
175
-89
-733
935
-283
-355
-115
-276
-211
512
-955
-842
-841
67
-108
-932
119
-514
828
105
858
229
-614
-821
-606
953
34
-966
-324
897
970
-152
-692
529
597
-627
-412
-768
-811
-606
-471
-852
148
-154
-427
277
-766
240
-970
152
417
-162
-531
436
-967
241
-644
-341
729
-551
850
#
885
953
-386
-957
691
498
827
470
-687
-521
-456
-519
-83
245
376
669
-188
-779
-159
-102
-271
-744
-135
-692
-908
742
1000
576
-945
-214
84
-959
549
956
294
195
-84
424
97
21
316
-822
-929
33
-533
-797
-645
-525
-549
-246
313
508
-63
-185
-775
-847
799
-420
531
-955
833
-78
-683
-204
177
-805
-171
126
-236
-52
358
865
-78
747
516
-606
550
-836
230
-591
-651
-328
-994
171
594
-996
841
-655
328
956
-364
133
799
204
241
-843
-211
-625
673
398
-235
-945
-354
705
183
192
991
-403
514
486
-91
842
-601
-554
119
-134
-822
965
46
309
350
-152
347
-243
-540
-430
981
-356
885
-845
493
229
862
764
823
246
683
-371
#
-942
377
-619
744
-964
518
545
-113
-674
-387
26
-381
221
750
950
645
818
417
-492
-339
-715
559
-973
#
81
-804
144
439
715
546
-363
221
-685
718
-162
987
-58
60
-53
113
-991
167
-620
673
905
-178
-320
935
-117
281
-537
-259
707
-743
228
325
-726
638
-213
378
703
-835
858
-965
298
-290
177
-514
#
273
404
167
490
865
-106
996
550
-410
854
62
913
-481
388
-706
-555
#
46
-577
212
745
#
-120
148
-752
118
764
890
292
-262
-651
-178
431
540
286
#
#
66
-883
198
115
-172
315
-214
909
52
-419
941
-66
-377
-398
-926
877
-621
-204
127
946
459
-935
399
663
220
-670
-685
520
-121
980
-108
295
-689
-534
-527
560
36
417
-132
813
460
-171
#
-63
883
-573
-439
-287
-134
-880
530
-82
152
434
276
901
-934
46
-988
221
558
288
-76
-150
861
288
-370
-183
-252
433
-363
770
#
-689
-448
-501
409
-250
-570
674
782
725
-221
-862
457
619
-635
-587
71
-767
-353
-862
43
-654
-70
221
-852
-230
-750
-746
#
